303
8
357
183
369
149
181
228
409
67
304
10
333
41
329
23
258
124
154
373
167
417
220
311
376
132
34
305
163
440
342
193
178
460
32
346
219
62
270
290
399
312
24
194
400
46
42
87
111
340
243
125
240
470
330
150
123
395
217
291
133
313
462
249
264
406
374
347
215
246
500
242
122
89
188
465
35
211
120
135
490
134
175
297
112
138
430
214
441
233
382
381
428
212
446
267
473
155
162
343
236
251
86
145
349
15
268
110
433
223
71
272
100
477
141
202
38
288
309
307
44
263
168
367
40
147
127
298
235
276
321
130
351
444
443
5
438
12
209
105
390
325
13
180
415
316
16
289
265
469
36
421
140
442
18
198
273
114
281
77
222
91
200
453
137
450
224
119
317
445
314
20
479
85
339
191
372
344
359
66
94
102
156
146
72
447
377
101
159
472
295
61
411
68
385
70
363
420
338
116
414
79
494
378
375
126
199
294
410
45
487
39
257
26
245
478
418
285
53
165
350
362
207
131
396
463
176
59
424
252
341
293
106
471
171
336
280
496
388
75
457
90
271
499
48
459
239
299
226
425
354
332
480
203
96
435
139
205
361
153
17
128
403
161
152
497
292
50
27
19
456
393
192
54
216
210
201
358
474
14
158
413
109
117
177
379
81
368
3
29
308
423
486
484
386
84
286
103
436
170
186
189
319
55
65
489
431
232
366
278
115
58
256
408
30
269
353
254
283
320
92
157
360
108
301
250
195
492
493
328
402
60
348
129
95
327
432
80
52
482
37
434
244
51
455
225
419
429
282
97
284
476
88
107
407
355
451
28
275
64
82
370
352
172
73
422
104
25
475
4
326
277
345
404
335
405
255
467
179
371
78
356
296
208
231
22
498
449
468
166
221
318
365
324
439
261
247
118
113
392
6
148
143
466
1
279
197
93
241
491
56
31
364
398
182
302
448
306
394
213
454
2
331
387
174
427
266
11
322
391
74
481
461
383
185
334
287
21
204
389
260
190
206
230
9
458
495
7
437
384
196
310
33
57
144
401
488
416
229
234
76
43
300
49
426
237
397
47
274
337
248
142
99
253
169
227
98
173
83
238
151
164
218
315
136
452
160
63
187
259
121
323
412
184
483
262
380
485
69
464
