469
340
486
467
439
195
229
493
174
149
258
127
27
138
402
296
320
428
31
247
277
186
227
262
28
230
118
207
220
104
449
282
423
69
210
2
169
452
9
172
451
436
4
211
170
356
323
411
182
121
24
58
354
345
157
206
266
386
239
223
412
447
279
209
311
437
387
201
275
483
185
189
74
119
23
272
290
500
5
105
80
111
366
115
63
328
198
432
458
216
90
359
66
44
70
217
381
496
81
418
317
268
431
228
295
41
255
33
435
124
369
495
133
494
347
25
56
465
397
413
265
396
73
408
97
385
383
299
388
426
62
448
459
226
181
498
94
395
456
330
22
38
419
160
143
250
199
83
430
260
375
242
379
360
424
371
79
85
158
88
103
231
357
400
235
407
434
461
184
188
91
72
377
422
286
213
16
190
342
241
327
292
298
20
324
212
404
131
194
303
196
126
281
95
50
252
365
251
427
71
289
361
278
1
473
141
318
492
489
125
21
490
464
267
442
93
476
333
110
358
425
113
261
352
240
482
287
305
64
308
112
238
146
475
276
176
75
355
429
153
349
291
479
497
474
280
300
257
57
445
293
421
221
271
394
487
414
420
137
274
406
403
101
233
382
51
12
30
491
446
401
364
367
19
335
148
214
219
314
171
54
334
203
341
145
108
294
155
478
76
166
163
455
285
222
309
470
463
245
315
35
40
410
415
466
46
321
142
26
480
151
147
481
443
215
32
348
61
202
237
405
399
152
384
338
53
218
468
164
307
471
102
162
183
43
49
17
301
438
193
165
313
197
351
297
232
346
344
460
362
389
283
139
485
306
92
191
96
55
109
122
120
48
416
13
391
337
106
67
329
325
78
353
45
179
259
187
128
14
107
339
8
488
65
392
116
390
161
273
77
167
284
417
36
326
332
15
225
175
3
168
135
150
472
204
11
254
144
205
134
47
370
52
373
132
302
39
59
140
244
42
34
117
398
374
304
7
60
343
159
37
129
310
248
89
29
440
363
68
441
154
6
156
484
270
100
378
136
462
380
224
253
86
450
177
10
256
84
178
477
87
180
444
200
288
82
99
499
368
264
98
123
433
319
376
246
243
454
192
316
130
453
312
114
393
236
249
208
322
331
372
234
263
269
173
350
457
409
336
18
